976
8828
9122
4320
2164
4693
7799
7705
179
2835
259
5043
5931
2992
8590
6992
9092
8324
5536
6529
9844
8208
4142
2203
3241
4712
1817
2835
641
3832
1737
4898
8882
987
4898
3195
2062
3759
85
7831
7571
3573
3770
3734
7746
6
4141
41
312
1951
6004
5027
4859
7204
1188
2031
8983
1667
5581
3589
8182
322
5189
9983
2151
5588
4139
5166
54
897
393
2956
6373
5651
6408
6269
3483
2143
1855
9568
8983
3820
4879
1681
9540
627
3178
4342
2216
7218
3739
9002
2507
3323
7927
4836
7210
9839
3171
4826
4467
2795
376
9685
1981
6359
8359
9755
6187
1595
2016
7640
5976
8446
4359
2159
4880
2398
8516
1727
4345
1387
9238
9732
5592
2834
6395
5471
9055
1652
9332
5195
2445
2080
4633
707
4555
2159
3639
1862
4785
4153
6937
2883
9170
9210
1481
252
9907
590
9434
2012
5726
6102
968
9872
5459
4938
656
3470
3640
9486
1041
7572
1533
509
2942
3301
2796
2018
4113
5079
1695
2196
8749
3641
6390
9647
1141
8756
9606
4334
5095
1453
5773
2360
4699
4644
1872
3828
3402
1041
5689
8738
5567
9517
2753
1257
8093
8791
7446
3659
9971
4857
7071
5149
40
8764
5071
2935
7349
6125
2672
1563
4329
9191
5714
4569
3580
9411
1718
2601
9725
250
6341
8984
2305
9885
7355
2032
7314
4731
2610
4505
4127
7758
6581
8873
6551
4731
1831
9987
2406
4951
4676
4611
8611
3431
1622
1793
6080
1513
94
1343
2406
2551
745
8455
5045
8034
7597
1752
2365
9781
6885
5826
4545
4670
5484
45
487
149
3304
5553
1047
3925
4577
527
2563
7364
3719
7161
7055
4620
5955
1852
1280
6677
5629
9700
6658
4229
7012
8714
2462
2485
673
3016
6667
2933
3263
2787
8166
1060
7955
1782
5785
2251
425
9321
2596
1253
5932
3971
2347
3348
7292
9555
9902
2719
4735
4388
589
830
2263
5102
1036
4188
5851
1714
182
2231
1761
4404
7528
9022
3111
4572
3402
8377
1818
1340
1851
1541
7842
4360
6003
5671
9587
4659
3461
8541
6794
809
6411
9339
4744
2490
2699
8592
2871
714
922
3154
67
1784
9793
7871
1001
8027
6321
1064
5
1390
2533
4292
642
7177
7806
2530
1739
2090
8938
6705
87
3764
5724
5666
5098
2088
8211
827
4657
1189
4091
2305
7847
2207
5419
2665
529
151
7748
2021
6484
1951
7785
180
4371
6884
8868
4009
2002
9470
1117
9406
8330
1322
5664
4614
2344
2667
4288
1509
1904
3448
7356
2793
9149
6407
9413
450
7614
6331
8427
1754
7791
6610
8552
428
5176
6573
9816
8543
5930
8342
4632
8061
7915
3572
8121
19
172
2601
8731
1914
3358
4724
3690
2349
5790
670
6573
5015
6341
8250
3615
2629
7119
6211
1609
1365
7332
3778
8453
206
8666
3450
5049
914
3602
8889
9647
8742
7198
2862
4908
6979
3431
2674
7545
5333
5974
1400
8333
2562
5385
1656
7819
3319
9125
6046
1280
7844
2473
6931
1034
4234
3890
9864
94
2313
8997
6647
9069
4947
5715
2380
3795
1094
345
6071
3976
6523
7533
4090
867
3223
4329
6633
8605
9657
9384
9310
3222
9820
4801
366
4910
4512
7614
1147
6251
1883
3391
1555
9972
9009
6508
7179
7184
9747
2845
8208
8778
9101
8777
7300
2534
9102
3368
9340
4521
937
4699
2067
2727
8572
9126
3155
2446
4310
9039
7883
4676
9548
7421
9045
9203
3455
4535
8128
5263
1784
8818
2193
424
3158
5977
1222
6781
3786
3739
1482
8936
8689
689
2981
6136
3758
753
8448
6231
5494
7816
2531
4338
8896
505
6647
2799
5300
935
9957
9612
9311
3775
5000
4498
3075
9569
4720
7120
2391
8491
6159
311
5094
4140
3563
1382
324
3266
7220
802
7833
7811
4520
9840
4511
206
1629
7337
3064
3055
8074
208
4026
8103
6695
5408
7250
7089
8063
1066
3291
7530
3202
7081
6590
5843
2361
9617
5638
2261
8002
4220
4796
8517
976
7900
4774
5291
9669
3369
7166
5011
2784
872
6003
9743
2569
4476
1734
5466
4010
3248
8606
4975
8853
5131
9599
2401
534
5716
1425
4236
2738
7704
6912
273
6644
3107
6132
7756
5066
9888
2653
8463
4198
4941
3335
6313
8158
7178
3615
8548
6569
9581
8717
6154
3865
6690
9467
1655
8311
9276
8644
4385
8848
7487
6127
7299
2422
8001
1480
9273
4088
1939
6570
5673
7131
5779
5291
8560
4118
4764
8093
7910
5231
1298
8358
857
435
3232
3977
3428
9167
492
3313
4452
2537
7146
6779
6331
9304
3065
9155
8009
8027
4339
2787
460
2122
5706
7784
5952
5934
9717
7828
499
9662
9933
8664
113
2547
1531
8566
7360
1812
2056
3332
8003
6466
2994
5212
6041
7754
3756
6856
8833
8960
6998
6637
5504
208
2491
4764
4732
7640
1237
4778
9790
5263
7549
4564
2832
2586
7247
2790
4451
5596
7982
7752
2177
4134
7468
6924
3844
5600
62
4617
3010
9466
6662
9262
6806
7170
9136
3796
1250
5253
9509
7066
4682
8165
3280
3555
8443
2794
7654
180
5013
2600
9898
6258
8748
7288
1798
6726
8396
8474
9755
3632
160
7737
1177
63
8773
2264
9596
8872
8624
6476
6752
439
2362
6007
5767
3584
6696
7747
2708
3065
2925
9974
8928
4076
8332
7147
861
5298
2095
9548
6664
528
1939
4683
7128
3108
1390
3692
5934
2458
4651
4340
8431
3564
7541
3678
3600
4618
4812
693
7873
4729
5427
757
4372
8218
5192
774
3045
6777
1834
1258
214
6798
3317
3272
9370
5313
4756
2018
6558
6403
4965
6566
2321
946
7513
2989
4991
9830
6707
5078
6501
9961
1246
3872
7428
7602
6615
529
9035
1498
5338
5655
1776
1105
3184
6746
402
3870
756
1310
6498
7866
2807
4244
5050
3806
113
9216
301
4306
9612
6082
2656
2312
9155
7556
9881
7420
9458
3738
2125
2812
6281
508
3613
5349
783
619
8766
8291
2999
5608
6599
1042
