976
8828
9122
4320
2164
4693
7799
7705
179
2835
259
5043
5931
2992
8590
6992
9092
8324
5536
6529
9844
8208
4142
2203
3241
4712
1817
2835
641
3832
1737
4898
8882
987
4898
3195
2062
3759
85
7831
7571
3573
3770
3734
7746
6
4141
41
312
1951
6004
5027
4859
7204
1188
2031
8983
1667
5581
3589
8182
322
5189
9983
2151
5588
4139
5166
54
897
393
2956
6373
5651
6408
6269
3483
2143
1855
9568
8983
3820
4879
1681
9540
627
3178
4342
2216
7218
3739
9002
2507
3323
7927
4836
7210
9839
3171
4826
4467
2795
376
9685
1981
6359
8359
9755
6187
1595
2016
7640
5976
8446
4359
2159
4880
2398
8516
1727
4345
1387
9238
9732
5592
2834
6395
5471
9055
1652
9332
5195
2445
2080
4633
707
4555
2159
3639
1862
4785
4153
6937
2883
9170
9210
1481
252
9907
590
9434
2012
5726
6102
968
9872
5459
4938
656
3470
3640
9486
1041
7572
1533
509
2942
3301
2796
2018
4113
5079
1695
2196
8749
3641
6390
9647
1141
8756
9606
4334
5095
1453
5773
2360
4699
4644
1872
3828
3402
1041
5689
8738
5567
9517
2753
1257
8093
8791
7446
3659
9971
4857
7071
5149
40
8764
5071
2935
7349
6125
2672
1563
4329
9191
5714
4569
3580
9411
1718
2601
9725
250
6341
8984
2305
9885
7355
2032
7314
4731
2610
4505
4127
7758
6581
8873
6551
4731
1831
9987
2406
4951
4676
4611
8611
3431
1622
1793
6080
1513
94
1343
2406
2551
745
8455
5045
8034
7597
1752
2365
9781
6885
5826
4545
4670
5484
45
487
149
3304
5553
1047
3925
4577
527
2563
7364
3719
7161
7055
4620
5955
1852
1280
6677
5629
9700
6658
4229
7012
8714
2462
2485
673
3016
6667
2933
3263
2787
8166
1060
7955
1782
5785
2251
425
9321
2596
1253
5932
3971
2347
3348
7292
9555
9902
2719
4735
4388
589
830
2263
5102
1036
4188
5851
1714
182
2231
1761
4404
7528
9022
3111
4572
3402
8377
1818
1340
1851
1541
7842
4360
6003
5671
9587
4659
3461
8541
6794
809
6411
9339
4744
2490
2699
8592
2871
714
922
3154
67
1784
9793
7871
1001
8027
6321
1064
5
1390
2533
4292
642
7177
7806
2530
1739
2090
8938
6705
87
3764
5724
5666
5098
2088
8211
827
4657
1189
4091
2305
7847
2207
5419
2665
529
151
7748
2021
6484
1951
7785
180
4371
6884
8868
4009
2002
9470
1117
9406
8330
1322
5664
4614
2344
2667
4288
1509
1904
3448
7356
2793
9149
6407
9413
450
7614
6331
8427
1754
7791
6610
8552
428
5176
6573
9816
8543
5930
8342
4632
8061
7915
3572
8121
19
172
2601
8731
1914
3358
4724
3690
2349
5790
670
6573
5015
6341
8250
3615
2629
7119
6211
1609
1365
7332
3778
8453
206
8666
3450
5049
914
3602
8889
9647
8742
7198
2862
4908
6979
3431
2674
7545
5333
5974
1400
8333
2562
5385
1656
7819
1231
